# 1st line: vertCount boneCount maxInfluences
# Each subsequent line corresponds to a vertex.
# In each line, the first number is the number of bone influences for the vertex.
# The next numbers are "influence" pairs of {bone index, bone weight}.
2794 43 4
1 5 1.000000 
1 5 1.000000 
1 5 1.000000 
1 5 1.000000 
1 5 1.000000 
1 5 1.000000 
1 5 1.000000 
1 5 1.000000 
1 5 1.000000 
1 5 1.000000 
1 5 1.000000 
1 5 1.000000 
1 5 1.000000 
1 5 1.000000 
1 5 1.000000 
1 5 1.000000 
1 5 1.000000 
1 5 1.000000 
1 5 1.000000 
1 5 1.000000 
1 5 1.000000 
1 5 1.000000 
1 5 1.000000 
1 5 1.000000 
1 5 1.000000 
1 5 1.000000 
1 5 1.000000 
1 5 1.000000 
1 5 1.000000 
1 5 1.000000 
1 5 1.000000 
1 5 1.000000 
1 5 1.000000 
1 5 1.000000 
1 5 1.000000 
1 5 1.000000 
1 5 1.000000 
1 5 1.000000 
1 5 1.000000 
1 5 1.000000 
1 5 1.000000 
1 5 1.000000 
1 5 1.000000 
1 5 1.000000 
1 5 1.000000 
1 5 1.000000 
1 5 1.000000 
1 5 1.000000 
1 5 1.000000 
1 5 1.000000 
1 5 1.000000 
1 5 1.000000 
1 5 1.000000 
1 5 1.000000 
1 5 1.000000 
1 5 1.000000 
1 5 1.000000 
1 5 1.000000 
1 5 1.000000 
1 5 1.000000 
1 5 1.000000 
1 5 1.000000 
1 5 1.000000 
1 5 1.000000 
1 5 1.000000 
1 5 1.000000 
1 5 1.000000 
1 5 1.000000 
1 5 1.000000 
1 5 1.000000 
1 5 1.000000 
1 5 1.000000 
1 5 1.000000 
1 5 1.000000 
1 5 1.000000 
1 5 1.000000 
1 5 1.000000 
1 5 1.000000 
1 5 1.000000 
1 5 1.000000 
1 5 1.000000 
1 5 1.000000 
1 5 1.000000 
1 5 1.000000 
1 5 1.000000 
1 5 1.000000 
1 5 1.000000 
1 5 1.000000 
1 5 1.000000 
1 5 1.000000 
1 5 1.000000 
1 5 1.000000 
1 5 1.000000 
1 5 1.000000 
1 5 1.000000 
1 5 1.000000 
1 5 1.000000 
1 5 1.000000 
1 5 1.000000 
1 5 1.000000 
1 5 1.000000 
1 5 1.000000 
1 5 1.000000 
1 5 1.000000 
1 5 1.000000 
1 5 1.000000 
1 5 1.000000 
1 5 1.000000 
1 5 1.000000 
1 5 1.000000 
1 5 1.000000 
1 5 1.000000 
1 5 1.000000 
1 5 1.000000 
1 5 1.000000 
1 5 1.000000 
1 5 1.000000 
1 5 1.000000 
1 5 1.000000 
1 5 1.000000 
1 5 1.000000 
1 5 1.000000 
1 5 1.000000 
1 5 1.000000 
1 5 1.000000 
1 5 1.000000 
1 5 1.000000 
1 5 1.000000 
1 5 1.000000 
1 5 1.000000 
1 5 1.000000 
1 5 1.000000 
1 5 1.000000 
1 5 1.000000 
1 5 1.000000 
1 5 1.000000 
1 5 1.000000 
1 5 1.000000 
1 5 1.000000 
1 5 1.000000 
1 5 1.000000 
1 5 1.000000 
1 5 1.000000 
1 5 1.000000 
1 5 1.000000 
1 5 1.000000 
1 5 1.000000 
1 5 1.000000 
1 5 1.000000 
1 5 1.000000 
1 5 1.000000 
1 5 1.000000 
1 5 1.000000 
1 5 1.000000 
1 5 1.000000 
1 5 1.000000 
1 5 1.000000 
1 5 1.000000 
1 5 1.000000 
1 5 1.000000 
1 5 1.000000 
1 5 1.000000 
1 5 1.000000 
1 5 1.000000 
1 5 1.000000 
1 5 1.000000 
1 5 1.000000 
1 5 1.000000 
1 5 1.000000 
1 5 1.000000 
1 5 1.000000 
1 5 1.000000 
1 5 1.000000 
1 5 1.000000 
1 5 1.000000 
1 5 1.000000 
1 5 1.000000 
1 5 1.000000 
1 5 1.000000 
1 5 1.000000 
1 5 1.000000 
1 5 1.000000 
1 5 1.000000 
1 5 1.000000 
1 5 1.000000 
1 5 1.000000 
1 5 1.000000 
1 5 1.000000 
1 5 1.000000 
1 5 1.000000 
1 5 1.000000 
1 5 1.000000 
1 5 1.000000 
1 5 1.000000 
1 5 1.000000 
1 5 1.000000 
1 5 1.000000 
1 5 1.000000 
1 5 1.000000 
1 5 1.000000 
1 5 1.000000 
1 5 1.000000 
1 5 1.000000 
1 5 1.000000 
1 5 1.000000 
1 5 1.000000 
1 5 1.000000 
1 5 1.000000 
1 5 1.000000 
1 5 1.000000 
1 5 1.000000 
1 5 1.000000 
1 5 1.000000 
1 5 1.000000 
1 5 1.000000 
1 5 1.000000 
1 5 1.000000 
1 5 1.000000 
1 5 1.000000 
1 5 1.000000 
1 5 1.000000 
1 5 1.000000 
1 5 1.000000 
1 5 1.000000 
1 5 1.000000 
1 5 1.000000 
1 5 1.000000 
1 5 1.000000 
1 5 1.000000 
1 5 1.000000 
1 5 1.000000 
1 5 1.000000 
1 5 1.000000 
1 5 1.000000 
1 5 1.000000 
1 5 1.000000 
1 5 1.000000 
1 5 1.000000 
1 5 1.000000 
1 5 1.000000 
1 5 1.000000 
1 5 1.000000 
1 5 1.000000 
1 5 1.000000 
1 5 1.000000 
1 5 1.000000 
1 5 1.000000 
1 5 1.000000 
1 5 1.000000 
1 5 1.000000 
1 5 1.000000 
1 5 1.000000 
1 5 1.000000 
1 5 1.000000 
1 5 1.000000 
1 5 1.000000 
1 5 1.000000 
1 5 1.000000 
1 5 1.000000 
1 5 1.000000 
1 5 1.000000 
1 5 1.000000 
1 5 1.000000 
1 5 1.000000 
1 5 1.000000 
1 5 1.000000 
1 5 1.000000 
1 5 1.000000 
1 5 1.000000 
1 5 1.000000 
1 5 1.000000 
1 5 1.000000 
1 5 1.000000 
1 5 1.000000 
1 5 1.000000 
1 5 1.000000 
1 5 1.000000 
1 5 1.000000 
1 5 1.000000 
1 5 1.000000 
1 5 1.000000 
1 5 1.000000 
1 5 1.000000 
1 5 1.000000 
1 5 1.000000 
1 5 1.000000 
1 5 1.000000 
1 5 1.000000 
1 5 1.000000 
1 5 1.000000 
1 5 1.000000 
1 5 1.000000 
1 5 1.000000 
1 5 1.000000 
1 5 1.000000 
1 5 1.000000 
1 5 1.000000 
1 5 1.000000 
1 5 1.000000 
1 5 1.000000 
1 5 1.000000 
1 5 1.000000 
1 5 1.000000 
1 5 1.000000 
1 5 1.000000 
1 5 1.000000 
1 5 1.000000 
1 5 1.000000 
1 5 1.000000 
1 5 1.000000 
1 5 1.000000 
1 5 1.000000 
1 5 1.000000 
1 5 1.000000 
1 5 1.000000 
1 5 1.000000 
1 5 1.000000 
1 5 1.000000 
1 5 1.000000 
1 5 1.000000 
1 5 1.000000 
1 5 1.000000 
1 7 1.000000 
1 7 1.000000 
1 7 1.000000 
1 7 1.000000 
1 7 1.000000 
1 7 1.000000 
1 7 1.000000 
1 7 1.000000 
1 7 1.000000 
1 7 1.000000 
1 7 1.000000 
1 7 1.000000 
1 7 1.000000 
1 7 1.000000 
1 7 1.000000 
1 7 1.000000 
1 7 1.000000 
1 7 1.000000 
1 7 1.000000 
1 7 1.000000 
1 7 1.000000 
1 7 1.000000 
1 7 1.000000 
1 7 1.000000 
1 7 1.000000 
1 7 1.000000 
1 7 1.000000 
1 7 1.000000 
1 7 1.000000 
1 7 1.000000 
1 7 1.000000 
1 7 1.000000 
1 7 1.000000 
1 7 1.000000 
1 7 1.000000 
1 7 1.000000 
1 7 1.000000 
1 8 1.000000 
1 8 1.000000 
1 8 1.000000 
1 8 1.000000 
1 8 1.000000 
1 8 1.000000 
1 8 1.000000 
1 8 1.000000 
1 8 1.000000 
1 8 1.000000 
1 8 1.000000 
1 8 1.000000 
1 8 1.000000 
1 8 1.000000 
1 8 1.000000 
1 8 1.000000 
1 8 1.000000 
1 8 1.000000 
1 8 1.000000 
1 8 1.000000 
1 8 1.000000 
1 8 1.000000 
1 8 1.000000 
1 8 1.000000 
1 8 1.000000 
1 8 1.000000 
1 8 1.000000 
1 8 1.000000 
1 8 1.000000 
1 8 1.000000 
1 8 1.000000 
1 8 1.000000 
1 8 1.000000 
1 8 1.000000 
1 8 1.000000 
1 8 1.000000 
1 8 1.000000 
1 5 1.000000 
1 5 1.000000 
1 5 1.000000 
1 5 1.000000 
1 5 1.000000 
1 5 1.000000 
1 5 1.000000 
1 5 1.000000 
1 5 1.000000 
1 5 1.000000 
1 5 1.000000 
1 5 1.000000 
1 5 1.000000 
1 5 1.000000 
1 5 1.000000 
1 5 1.000000 
1 5 1.000000 
1 5 1.000000 
1 5 1.000000 
1 5 1.000000 
1 5 1.000000 
1 5 1.000000 
1 5 1.000000 
1 5 1.000000 
1 5 1.000000 
1 5 1.000000 
1 5 1.000000 
1 5 1.000000 
1 5 1.000000 
1 5 1.000000 
1 5 1.000000 
1 5 1.000000 
1 5 1.000000 
1 5 1.000000 
1 5 1.000000 
1 5 1.000000 
1 5 1.000000 
1 5 1.000000 
1 5 1.000000 
1 5 1.000000 
1 5 1.000000 
1 5 1.000000 
1 5 1.000000 
1 5 1.000000 
1 5 1.000000 
1 5 1.000000 
1 5 1.000000 
1 5 1.000000 
1 5 1.000000 
1 5 1.000000 
1 5 1.000000 
1 5 1.000000 
1 5 1.000000 
1 5 1.000000 
1 5 1.000000 
1 5 1.000000 
1 5 1.000000 
1 5 1.000000 
1 5 1.000000 
1 5 1.000000 
1 5 1.000000 
1 5 1.000000 
1 5 1.000000 
1 5 1.000000 
1 5 1.000000 
1 5 1.000000 
1 5 1.000000 
1 5 1.000000 
1 5 1.000000 
1 5 1.000000 
1 5 1.000000 
1 5 1.000000 
1 5 1.000000 
1 5 1.000000 
1 5 1.000000 
1 5 1.000000 
1 5 1.000000 
1 5 1.000000 
1 5 1.000000 
1 5 1.000000 
1 5 1.000000 
1 5 1.000000 
1 5 1.000000 
1 5 1.000000 
1 5 1.000000 
1 5 1.000000 
1 5 1.000000 
1 5 1.000000 
1 5 1.000000 
1 5 1.000000 
1 5 1.000000 
1 5 1.000000 
1 5 1.000000 
1 5 1.000000 
1 5 1.000000 
1 5 1.000000 
1 5 1.000000 
1 5 1.000000 
1 5 1.000000 
1 5 1.000000 
1 5 1.000000 
1 5 1.000000 
1 5 1.000000 
1 5 1.000000 
1 5 1.000000 
1 5 1.000000 
1 5 1.000000 
1 5 1.000000 
1 5 1.000000 
1 5 1.000000 
1 5 1.000000 
1 5 1.000000 
1 5 1.000000 
1 5 1.000000 
1 5 1.000000 
1 5 1.000000 
1 5 1.000000 
1 5 1.000000 
1 5 1.000000 
1 5 1.000000 
1 5 1.000000 
1 5 1.000000 
1 5 1.000000 
1 5 1.000000 
1 5 1.000000 
1 5 1.000000 
1 5 1.000000 
1 5 1.000000 
1 5 1.000000 
1 5 1.000000 
1 5 1.000000 
1 5 1.000000 
1 5 1.000000 
1 5 1.000000 
1 5 1.000000 
1 5 1.000000 
1 5 1.000000 
1 5 1.000000 
1 5 1.000000 
1 5 1.000000 
1 5 1.000000 
1 5 1.000000 
1 5 1.000000 
1 5 1.000000 
1 5 1.000000 
1 5 1.000000 
1 5 1.000000 
1 5 1.000000 
1 5 1.000000 
1 5 1.000000 
1 5 1.000000 
1 5 1.000000 
1 5 1.000000 
1 5 1.000000 
1 5 1.000000 
1 5 1.000000 
1 5 1.000000 
1 5 1.000000 
1 5 1.000000 
1 5 1.000000 
1 5 1.000000 
1 5 1.000000 
1 5 1.000000 
1 5 1.000000 
1 5 1.000000 
1 5 1.000000 
1 5 1.000000 
1 5 1.000000 
1 5 1.000000 
1 5 1.000000 
1 5 1.000000 
1 5 1.000000 
2 0 0.850000 1 0.150000 
2 0 0.850000 1 0.150000 
2 0 0.850000 1 0.150000 
2 0 0.850000 1 0.150000 
2 0 0.975000 1 0.025000 
2 0 0.975000 1 0.025000 
2 0 0.975000 1 0.025000 
2 0 0.975000 1 0.025000 
2 0 0.975900 1 0.024100 
2 0 0.975000 1 0.025000 
2 0 0.850000 1 0.150000 
2 0 0.850000 1 0.150000 
2 0 0.975000 1 0.025000 
2 0 0.975000 1 0.025000 
2 0 0.850000 1 0.150000 
2 0 0.850000 1 0.150000 
2 0 0.975000 1 0.025000 
2 0 0.975000 1 0.025000 
2 0 0.850000 1 0.150000 
2 0 0.850000 1 0.150000 
2 0 0.850000 1 0.150000 
2 0 0.850000 1 0.150000 
2 0 0.850000 1 0.150000 
2 0 0.850000 1 0.150000 
2 0 0.975000 1 0.025000 
2 0 0.975000 1 0.025000 
2 0 0.975000 1 0.025000 
2 0 0.975000 1 0.025000 
2 0 0.975000 1 0.025000 
2 0 0.975000 1 0.025000 
2 0 0.975000 1 0.025000 
2 0 0.850000 1 0.150000 
2 0 0.850000 1 0.150000 
2 0 0.975000 1 0.025000 
2 0 0.975000 1 0.025000 
2 0 0.906300 1 0.093700 
2 0 0.928300 1 0.071700 
2 0 0.850000 1 0.150000 
2 0 0.975000 1 0.025000 
2 0 0.912600 1 0.087400 
2 0 0.975000 1 0.025000 
2 0 0.900000 1 0.100000 
2 0 0.850000 1 0.150000 
2 0 0.901800 1 0.098200 
2 0 0.900000 1 0.100000 
2 0 0.850000 1 0.150000 
2 0 0.900000 1 0.100000 
2 0 0.929800 1 0.070200 
2 0 0.929500 1 0.070500 
2 0 0.903400 1 0.096600 
2 0 0.903000 1 0.097000 
2 0 0.900000 1 0.100000 
2 0 0.975000 1 0.025000 
2 0 0.850000 1 0.150000 
2 0 0.850000 1 0.150000 
2 0 0.850000 1 0.150000 
2 0 0.975000 1 0.025000 
2 0 0.975000 1 0.025000 
2 0 0.975000 1 0.025000 
3 3 0.198100 21 0.373400 22 0.428500 
3 3 0.221900 21 0.355300 22 0.422800 
2 3 0.461500 21 0.538500 
2 3 0.325000 21 0.675000 
2 3 0.973800 21 0.026200 
3 3 0.283700 21 0.367800 22 0.348500 
3 3 0.223300 21 0.390400 22 0.386300 
2 3 0.423800 21 0.576200 
3 2 0.357800 3 0.310400 21 0.331800 
3 2 0.180400 3 0.432700 21 0.386900 
4 2 0.092300 3 0.328000 21 0.319900 22 0.259800 
4 2 0.185100 3 0.307000 21 0.259600 22 0.248300 
4 2 0.150500 3 0.303100 21 0.306000 22 0.240400 
4 1 0.050000 2 0.344800 3 0.440500 21 0.164700 
4 1 0.050000 2 0.275000 3 0.575000 21 0.100000 
4 2 0.123000 3 0.324900 21 0.287700 22 0.264400 
4 1 0.107000 2 0.370900 3 0.422100 21 0.100000 
4 1 0.050000 2 0.275000 3 0.575000 21 0.100000 
4 2 0.123000 3 0.324900 21 0.287700 22 0.264400 
4 2 0.134100 3 0.287000 21 0.258200 22 0.320700 
4 2 0.052600 3 0.269100 21 0.354900 22 0.323400 
3 2 0.098400 3 0.561600 21 0.340000 
3 3 0.249000 21 0.351000 22 0.400000 
2 3 0.773800 21 0.226200 
2 3 0.650000 21 0.350000 
3 3 0.249000 21 0.426400 22 0.324600 
2 3 0.171900 22 0.828100 
3 21 0.022500 22 0.923500 23 0.054000 
3 21 0.037500 22 0.937100 23 0.025400 
3 3 0.141100 21 0.050000 22 0.808900 
3 21 0.036900 22 0.936900 23 0.026200 
3 3 0.052200 21 0.211600 22 0.736200 
3 3 0.080000 21 0.206400 22 0.713600 
3 21 0.038100 22 0.937400 23 0.024500 
3 21 0.038300 22 0.939100 23 0.022600 
3 3 0.047200 21 0.170000 22 0.782800 
3 21 0.038000 22 0.936500 23 0.025500 
3 3 0.052000 21 0.134000 22 0.814000 
3 3 0.131800 21 0.099200 22 0.769000 
3 21 0.022100 22 0.921000 23 0.056900 
3 21 0.022300 22 0.923300 23 0.054400 
3 3 0.152200 21 0.050000 22 0.797800 
3 3 0.106100 21 0.086100 22 0.807800 
3 21 0.020900 22 0.918700 23 0.060400 
2 22 0.375000 23 0.625000 
2 22 0.112600 23 0.887400 
2 22 0.067300 23 0.932700 
2 22 0.375000 23 0.625000 
2 22 0.067300 23 0.932700 
2 22 0.067100 23 0.932900 
2 22 0.375000 23 0.625000 
2 22 0.375000 23 0.625000 
2 22 0.375000 23 0.625000 
2 22 0.193000 23 0.807000 
2 22 0.189100 23 0.810900 
2 22 0.375000 23 0.625000 
2 22 0.750000 23 0.250000 
2 22 0.750000 23 0.250000 
2 22 0.750000 23 0.250000 
2 22 0.375000 23 0.625000 
2 22 0.075000 23 0.925000 
2 22 0.072000 23 0.928000 
2 22 0.375000 23 0.625000 
2 22 0.375000 23 0.625000 
2 22 0.076500 23 0.923500 
2 22 0.135300 23 0.864700 
2 22 0.375000 23 0.625000 
2 22 0.375000 23 0.625000 
2 22 0.133900 23 0.866100 
3 21 0.022500 22 0.923500 23 0.054000 
2 3 0.171900 22 0.828100 
3 3 0.047200 21 0.143600 22 0.809200 
3 21 0.037700 22 0.935000 23 0.027300 
3 21 0.033100 22 0.932200 23 0.034700 
3 3 0.047800 21 0.131000 22 0.821200 
2 23 0.535900 24 0.464100 
2 23 0.705700 24 0.294300 
2 23 0.670900 24 0.329100 
2 23 0.456200 24 0.543800 
2 23 0.724300 24 0.275700 
2 23 0.248200 24 0.751800 
2 23 0.272200 24 0.727800 
2 23 0.654300 24 0.345700 
2 23 0.607000 24 0.393000 
2 23 0.757600 24 0.242400 
2 23 0.577700 24 0.422300 
2 23 0.779900 24 0.220100 
2 23 0.774200 24 0.225800 
2 23 0.780000 24 0.220000 
2 23 0.263700 24 0.736300 
2 23 0.250000 24 0.750000 
3 24 0.843000 25 0.134100 29 0.022900 
4 24 0.664800 25 0.150300 26 0.084900 29 0.100000 
2 24 0.923800 29 0.076200 
2 23 0.074000 24 0.926000 
1 24 1.000000 
1 24 1.000000 
2 23 0.137700 24 0.862300 
1 24 1.000000 
1 24 1.000000 
2 23 0.173500 24 0.826500 
2 23 0.135300 24 0.864700 
2 23 0.246898 24 0.753102 
2 24 0.755900 25 0.244100 
2 24 0.634400 25 0.365600 
2 23 0.250000 24 0.750000 
1 24 1.000000 
2 23 0.101800 24 0.898200 
1 24 1.000000 
2 23 0.168000 24 0.832000 
2 23 0.192500 24 0.807500 
1 24 1.000000 
2 23 0.307900 24 0.692100 
2 24 0.425600 25 0.574400 
1 27 1.000000 
1 27 1.000000 
1 27 1.000000 
1 27 1.000000 
2 26 0.255400 27 0.744600 
1 27 1.000000 
1 27 1.000000 
2 26 0.460600 27 0.539400 
2 26 0.460600 27 0.539400 
1 27 1.000000 
2 26 0.497600 27 0.502400 
2 26 0.398700 27 0.601300 
2 23 0.248200 24 0.751800 
2 23 0.272200 24 0.727800 
2 26 0.375800 27 0.624200 
1 27 1.000000 
2 26 0.375800 27 0.624200 
1 27 1.000000 
2 30 0.040300 31 0.959700 
2 30 0.224900 31 0.775100 
1 31 1.000000 
1 31 1.000000 
2 30 0.500000 31 0.500000 
2 30 0.485100 31 0.514900 
2 30 0.500000 31 0.500000 
3 29 0.058200 30 0.500000 31 0.441800 
3 29 0.035700 30 0.500000 31 0.464300 
3 29 0.070400 30 0.500000 31 0.429600 
2 30 0.500000 31 0.500000 
2 30 0.463100 31 0.536900 
2 23 0.295000 24 0.705000 
2 23 0.780800 24 0.219200 
4 24 0.101400 25 0.441700 26 0.433900 29 0.023000 
2 24 0.973000 25 0.027000 
2 23 0.217900 24 0.782100 
2 22 0.031200 23 0.968800 
2 22 0.015100 23 0.984900 
2 22 0.038100 23 0.961900 
2 22 0.055300 23 0.944700 
2 22 0.045100 23 0.954900 
2 22 0.049000 23 0.951000 
2 22 0.071000 23 0.929000 
2 22 0.072700 23 0.927300 
2 22 0.074700 23 0.925300 
2 22 0.041500 23 0.958500 
2 22 0.065500 23 0.934500 
2 22 0.039200 23 0.960800 
2 22 0.043300 23 0.956700 
2 22 0.019600 23 0.980400 
2 22 0.029400 23 0.970600 
2 22 0.060600 23 0.939400 
2 22 0.037300 23 0.962700 
1 23 1.000000 
2 22 0.017400 23 0.982600 
1 23 1.000000 
2 22 0.071100 23 0.928900 
2 22 0.038100 23 0.961900 
2 22 0.016800 23 0.983200 
2 22 0.750000 23 0.250000 
2 22 0.750000 23 0.250000 
2 22 0.750000 23 0.250000 
2 22 0.750000 23 0.250000 
2 22 0.750000 23 0.250000 
2 22 0.750000 23 0.250000 
2 22 0.750000 23 0.250000 
2 22 0.750000 23 0.250000 
2 22 0.750000 23 0.250000 
2 22 0.750000 23 0.250000 
3 21 0.028800 22 0.927400 23 0.043800 
2 23 0.911600 24 0.088400 
2 23 0.914600 24 0.085400 
2 23 0.916100 24 0.083900 
2 23 0.901500 24 0.098500 
2 23 0.914400 24 0.085600 
2 23 0.900600 24 0.099400 
2 23 0.901100 24 0.098900 
2 23 0.900600 24 0.099400 
2 23 0.902400 24 0.097600 
2 30 0.402000 31 0.598000 
2 30 0.487000 31 0.513000 
2 30 0.500000 31 0.500000 
2 30 0.393700 31 0.606300 
3 29 0.280000 30 0.500000 31 0.220000 
3 29 0.227100 30 0.500000 31 0.272900 
3 29 0.217900 30 0.500000 31 0.282100 
3 29 0.273900 30 0.500000 31 0.226100 
2 29 0.500000 30 0.500000 
2 29 0.500000 30 0.500000 
2 29 0.500000 30 0.500000 
2 29 0.500000 30 0.500000 
3 24 0.099800 29 0.500000 30 0.400200 
2 30 0.500000 31 0.500000 
3 24 0.041200 29 0.500000 30 0.458800 
3 24 0.355000 29 0.500000 30 0.145000 
3 24 0.253500 29 0.500000 30 0.246500 
4 24 0.400000 25 0.052700 26 0.447300 29 0.100000 
4 24 0.517200 25 0.069000 26 0.334700 29 0.079100 
4 24 0.564300 25 0.175000 26 0.160700 29 0.100000 
2 24 0.904200 29 0.095800 
2 24 0.706400 29 0.293600 
2 24 0.645700 29 0.354300 
2 24 0.584800 29 0.415200 
2 24 0.653900 29 0.346100 
2 24 0.571000 29 0.429000 
2 24 0.543000 29 0.457000 
2 24 0.633500 29 0.366500 
2 24 0.664400 29 0.335600 
2 24 0.536100 29 0.463900 
3 24 0.511300 25 0.003100 29 0.485600 
2 24 0.500000 29 0.500000 
2 24 0.500000 29 0.500000 
3 24 0.523200 25 0.009500 29 0.467300 
2 24 0.500000 29 0.500000 
3 29 0.069500 30 0.500000 31 0.430500 
3 29 0.004300 30 0.500000 31 0.495700 
2 26 0.404500 27 0.595500 
3 25 0.038400 26 0.730800 27 0.230800 
3 25 0.038400 26 0.730800 27 0.230800 
3 25 0.194500 26 0.652800 27 0.152700 
2 26 0.496700 27 0.503300 
2 26 0.482200 27 0.517800 
2 26 0.482200 27 0.517800 
2 24 0.919700 29 0.080300 
3 25 0.388100 26 0.555900 27 0.056000 
2 24 0.900000 29 0.100000 
2 24 0.500000 29 0.500000 
2 24 0.500000 29 0.500000 
3 24 0.523200 25 0.009500 29 0.467300 
2 24 0.530000 29 0.470000 
1 31 1.000000 
1 31 1.000000 
2 24 0.541800 29 0.458200 
2 24 0.569800 29 0.430200 
3 24 0.036600 29 0.500000 30 0.463400 
3 29 0.066000 30 0.500000 31 0.434000 
3 29 0.018400 30 0.500000 31 0.481600 
2 30 0.105700 31 0.894300 
2 30 0.271500 31 0.728500 
2 30 0.209700 31 0.790300 
1 31 1.000000 
3 29 0.114800 30 0.500000 31 0.385200 
3 29 0.164800 30 0.500000 31 0.335200 
3 24 0.176200 29 0.500000 30 0.323800 
2 24 0.649500 29 0.350500 
2 24 0.696500 29 0.303500 
2 22 0.375000 23 0.625000 
2 22 0.375000 23 0.625000 
2 22 0.068300 23 0.931700 
2 23 0.633000 24 0.367000 
2 23 0.364800 24 0.635200 
2 23 0.905300 24 0.094700 
1 23 1.000000 
1 23 1.000000 
2 22 0.017300 23 0.982700 
2 22 0.015100 23 0.984900 
2 23 0.654300 24 0.345700 
2 23 0.900600 24 0.099400 
2 23 0.272200 24 0.727800 
2 23 0.364800 24 0.635200 
2 23 0.781000 24 0.219000 
2 23 0.916900 24 0.083100 
2 23 0.418800 24 0.581200 
3 3 0.080000 21 0.098600 22 0.821400 
3 29 0.118700 30 0.500000 31 0.381300 
3 29 0.005000 30 0.500000 31 0.495000 
1 31 1.000000 
1 31 1.000000 
3 29 0.161500 30 0.500000 31 0.338500 
2 30 0.438500 31 0.561500 
2 23 0.456200 24 0.543800 
2 24 0.912700 29 0.087300 
2 24 0.900000 29 0.100000 
2 24 0.425600 25 0.574400 
2 23 0.307900 24 0.692100 
2 23 0.607000 24 0.393000 
2 23 0.535900 24 0.464100 
2 23 0.577700 24 0.422300 
2 23 0.418800 24 0.581200 
2 23 0.295000 24 0.705000 
2 23 0.263700 24 0.736300 
2 23 0.250000 24 0.750000 
2 23 0.248200 24 0.751800 
1 23 1.000000 
1 23 1.000000 
1 23 1.000000 
1 23 1.000000 
1 23 1.000000 
1 23 1.000000 
1 23 1.000000 
1 23 1.000000 
1 23 1.000000 
1 23 1.000000 
1 23 1.000000 
1 23 1.000000 
2 23 0.975400 24 0.024600 
3 25 0.402400 26 0.548800 27 0.048800 
3 25 0.388100 26 0.555900 27 0.056000 
4 24 0.400000 25 0.052700 26 0.447300 29 0.100000 
4 24 0.907900 25 0.036400 26 0.022900 29 0.032800 
2 24 0.985400 29 0.014600 
2 24 0.974700 29 0.025300 
2 24 0.966500 29 0.033500 
2 24 0.925500 29 0.074500 
2 24 0.946900 29 0.053100 
4 24 0.517200 25 0.069000 26 0.334700 29 0.079100 
2 24 0.965300 29 0.034700 
2 24 0.953900 29 0.046100 
2 24 0.943400 29 0.056600 
2 24 0.907700 29 0.092300 
2 30 0.311400 31 0.688600 
1 31 1.000000 
2 30 0.500000 31 0.500000 
3 29 0.058200 30 0.500000 31 0.441800 
2 29 0.500000 30 0.500000 
3 29 0.011000 30 0.500000 31 0.489000 
1 31 1.000000 
1 31 1.000000 
3 29 0.039600 30 0.500000 31 0.460400 
2 30 0.500000 31 0.500000 
2 30 0.436400 31 0.563600 
2 30 0.478200 31 0.521800 
1 5 1.000000 
1 5 1.000000 
1 5 1.000000 
1 5 1.000000 
3 3 0.029500 4 0.044200 5 0.926300 
1 5 1.000000 
1 5 1.000000 
1 5 1.000000 
1 5 1.000000 
1 5 1.000000 
1 5 1.000000 
2 3 0.500000 4 0.500000 
2 4 0.043300 5 0.956700 
1 5 1.000000 
2 3 0.500000 4 0.500000 
2 3 0.500000 4 0.500000 
1 5 1.000000 
1 5 1.000000 
2 3 0.500000 4 0.500000 
1 5 1.000000 
2 3 0.500000 4 0.500000 
3 3 0.034000 4 0.051000 5 0.915000 
3 3 0.034600 4 0.052000 5 0.913400 
1 5 1.000000 
1 5 1.000000 
1 5 1.000000 
1 5 1.000000 
1 5 1.000000 
1 5 1.000000 
1 5 1.000000 
3 3 0.722700 4 0.102300 21 0.175000 
2 3 0.973800 21 0.026200 
2 3 0.423800 21 0.576200 
3 3 0.635800 4 0.128100 21 0.236100 
3 2 0.357800 3 0.310400 21 0.331800 
3 1 0.224000 2 0.321100 3 0.454900 
4 1 0.078000 2 0.146500 3 0.588800 21 0.186700 
3 2 0.180400 3 0.432700 21 0.386900 
2 0 0.697300 38 0.302700 
2 0 0.601700 38 0.398300 
2 0 0.150000 38 0.850000 
2 0 0.250000 38 0.750000 
2 0 0.045100 38 0.954900 
1 38 1.000000 
1 38 1.000000 
2 0 0.268500 38 0.731500 
2 0 0.697300 38 0.302700 
2 0 0.043000 38 0.957000 
2 0 0.100000 38 0.900000 
2 0 0.106700 38 0.893300 
2 0 0.064400 38 0.935600 
3 0 0.046600 33 0.467300 38 0.486100 
3 0 0.107800 33 0.443400 38 0.448800 
3 0 0.294300 33 0.353800 38 0.351900 
3 0 0.700000 33 0.150400 38 0.149600 
2 0 0.150000 38 0.850000 
2 0 0.052800 38 0.947200 
2 0 0.606000 38 0.394000 
2 0 0.975000 1 0.025000 
2 0 0.975000 1 0.025000 
2 0 0.977000 1 0.023000 
2 0 0.977000 1 0.023000 
2 0 0.113800 33 0.886200 
2 0 0.049500 33 0.950500 
2 0 0.053600 33 0.946400 
2 0 0.120600 33 0.879400 
2 0 0.043400 33 0.956600 
2 0 0.047000 33 0.953000 
2 0 0.107700 33 0.892300 
2 0 0.099600 33 0.900400 
2 0 0.295100 33 0.704900 
2 0 0.294900 33 0.705100 
2 0 0.293700 33 0.706300 
2 0 0.294700 33 0.705300 
2 0 0.673700 33 0.326300 
2 0 0.090800 33 0.909200 
2 0 0.112800 33 0.887200 
2 0 0.431600 33 0.568400 
2 0 0.476300 33 0.523700 
2 0 0.823600 33 0.176400 
2 0 0.825500 33 0.174500 
3 0 0.112500 33 0.865600 38 0.021900 
3 0 0.109100 33 0.708300 38 0.182600 
3 0 0.402800 33 0.522300 38 0.074900 
2 0 0.404800 33 0.595200 
2 0 0.839400 33 0.160600 
2 0 0.818100 33 0.181900 
1 33 1.000000 
1 33 1.000000 
2 33 0.978900 38 0.021100 
2 33 0.815300 38 0.184700 
1 33 1.000000 
1 33 1.000000 
2 33 0.805500 38 0.194500 
2 33 0.819300 38 0.180700 
1 33 1.000000 
1 33 1.000000 
2 0 0.975000 1 0.025000 
2 0 0.975000 1 0.025000 
2 0 0.975000 1 0.025000 
2 0 0.975000 1 0.025000 
2 0 0.975000 1 0.025000 
2 0 0.975000 1 0.025000 
2 0 0.975000 1 0.025000 
2 0 0.975000 1 0.025000 
2 0 0.975000 1 0.025000 
2 0 0.975000 1 0.025000 
2 0 0.975000 1 0.025000 
2 0 0.975000 1 0.025000 
2 0 0.975000 1 0.025000 
2 0 0.969200 1 0.030800 
2 0 0.975000 1 0.025000 
2 0 0.967900 1 0.032100 
2 0 0.975000 1 0.025000 
2 0 0.975000 1 0.025000 
2 0 0.975000 1 0.025000 
2 0 0.975000 1 0.025000 
2 0 0.975000 1 0.025000 
2 0 0.975000 1 0.025000 
2 0 0.975000 1 0.025000 
2 0 0.975000 1 0.025000 
2 0 0.975000 1 0.025000 
2 0 0.975000 1 0.025000 
2 0 0.975000 1 0.025000 
2 0 0.975000 1 0.025000 
2 0 0.975000 1 0.025000 
2 0 0.975000 1 0.025000 
2 0 0.975000 1 0.025000 
2 0 0.975000 1 0.025000 
2 0 0.975000 1 0.025000 
2 0 0.975000 1 0.025000 
2 0 0.947300 1 0.052700 
2 0 0.975000 1 0.025000 
2 0 0.960500 1 0.039500 
2 0 0.975000 1 0.025000 
2 0 0.975000 1 0.025000 
2 0 0.975000 1 0.025000 
2 0 0.975000 1 0.025000 
2 0 0.975000 1 0.025000 
4 0 0.219800 1 0.269900 2 0.360300 3 0.150000 
3 0 0.571400 1 0.271000 2 0.157600 
3 0 0.640700 1 0.249700 2 0.109600 
4 0 0.344800 1 0.260800 2 0.244400 3 0.150000 
3 0 0.650400 1 0.238500 2 0.111100 
4 0 0.333900 1 0.302000 2 0.214100 3 0.150000 
3 0 0.638900 1 0.250800 2 0.110300 
4 0 0.334100 1 0.305700 2 0.210200 3 0.150000 
4 0 0.147600 1 0.242000 2 0.460400 3 0.150000 
4 0 0.513900 1 0.289700 2 0.171400 3 0.025000 
4 0 0.551000 1 0.303400 2 0.120600 3 0.025000 
4 0 0.145500 1 0.284400 2 0.420100 3 0.150000 
4 0 0.146000 1 0.345000 2 0.359000 3 0.150000 
4 0 0.492100 1 0.311100 2 0.139700 3 0.057100 
4 0 0.504600 1 0.286200 2 0.173100 3 0.036100 
4 0 0.134300 1 0.292100 2 0.423600 3 0.150000 
2 0 0.750000 1 0.250000 
2 0 0.750000 1 0.250000 
4 0 0.512300 1 0.310800 2 0.129200 3 0.047700 
4 0 0.533100 1 0.302200 2 0.121300 3 0.043400 
4 0 0.337600 1 0.245900 2 0.266500 3 0.150000 
3 0 0.583000 1 0.253300 2 0.163700 
3 0 0.553800 1 0.251500 2 0.194700 
4 0 0.300500 1 0.228500 2 0.321000 3 0.150000 
3 0 0.657300 1 0.235400 2 0.107300 
4 0 0.336000 1 0.302100 2 0.211900 3 0.150000 
4 0 0.531200 1 0.301300 2 0.145400 3 0.022100 
4 0 0.251500 1 0.301100 2 0.322400 3 0.125000 
4 0 0.251500 1 0.301100 2 0.322400 3 0.125000 
4 0 0.531200 1 0.301300 2 0.145400 3 0.022100 
4 0 0.516600 1 0.293400 2 0.165000 3 0.025000 
4 0 0.201100 1 0.255900 2 0.393000 3 0.150000 
4 0 0.512300 1 0.285700 2 0.165100 3 0.036900 
4 0 0.176400 1 0.302500 2 0.371100 3 0.150000 
2 0 0.753500 1 0.246500 
2 0 0.750000 1 0.250000 
4 0 0.559600 1 0.298600 2 0.103300 3 0.038500 
4 0 0.561300 1 0.292800 2 0.104700 3 0.041200 
4 0 0.164700 1 0.215600 2 0.229000 3 0.390700 
4 0 0.163500 1 0.211900 2 0.238800 3 0.385800 
3 2 0.019500 3 0.684800 21 0.295700 
2 3 0.461500 21 0.538500 
2 2 0.040000 3 0.960000 
3 1 0.095200 2 0.146700 3 0.758100 
3 1 0.096400 2 0.144400 3 0.759200 
2 2 0.038600 3 0.961400 
3 1 0.092600 2 0.145600 3 0.761800 
4 1 0.074500 2 0.140600 3 0.745200 9 0.039700 
3 2 0.031500 3 0.896800 9 0.071700 
2 2 0.040100 3 0.959900 
3 3 0.200800 9 0.320100 10 0.479100 
3 3 0.515700 9 0.434300 10 0.050000 
4 2 0.017700 3 0.517700 9 0.414600 10 0.050000 
3 3 0.219900 9 0.317100 10 0.463000 
2 3 0.891300 9 0.108700 
1 3 1.000000 
1 3 1.000000 
1 3 1.000000 
3 2 0.023700 3 0.852000 21 0.124300 
2 3 0.887200 21 0.112800 
2 3 0.725000 21 0.275000 
2 3 0.325000 21 0.675000 
2 0 0.825400 1 0.174600 
2 0 0.810500 1 0.189500 
2 0 0.800000 1 0.200000 
2 0 0.807500 1 0.192500 
2 0 0.810700 1 0.189300 
2 0 0.804700 1 0.195300 
2 0 0.850000 1 0.150000 
2 0 0.847100 1 0.152900 
2 0 0.850000 1 0.150000 
2 0 0.850000 1 0.150000 
2 0 0.850000 1 0.150000 
2 0 0.850000 1 0.150000 
2 0 0.850000 1 0.150000 
2 0 0.850000 1 0.150000 
2 0 0.848600 1 0.151400 
2 0 0.846700 1 0.153300 
2 0 0.762500 1 0.237500 
2 0 0.759200 1 0.240800 
2 0 0.750000 1 0.250000 
2 0 0.759600 1 0.240400 
2 0 0.767900 1 0.232100 
2 0 0.759600 1 0.240400 
2 0 0.750000 1 0.250000 
2 0 0.750000 1 0.250000 
2 0 0.753100 1 0.246900 
2 0 0.750000 1 0.250000 
2 0 0.787800 1 0.212200 
2 0 0.758000 1 0.242000 
2 0 0.757700 1 0.242300 
2 0 0.760200 1 0.239800 
2 0 0.772000 1 0.228000 
2 0 0.791200 1 0.208800 
2 0 0.757700 1 0.242300 
2 0 0.750000 1 0.250000 
2 0 0.977000 1 0.023000 
2 0 0.922300 1 0.077700 
4 0 0.135300 1 0.375700 2 0.339000 3 0.150000 
4 0 0.147800 1 0.376300 2 0.325900 3 0.150000 
3 1 0.235600 2 0.375800 3 0.388600 
4 0 0.175200 1 0.353700 2 0.321100 3 0.150000 
4 0 0.150500 1 0.383400 2 0.316100 3 0.150000 
3 1 0.251800 2 0.359100 3 0.389100 
4 0 0.526500 1 0.290100 2 0.138700 3 0.044700 
4 0 0.176200 1 0.324800 2 0.349000 3 0.150000 
3 1 0.054400 2 0.272300 3 0.673300 
3 1 0.037300 2 0.278700 3 0.684000 
2 2 0.138500 3 0.861500 
2 2 0.134300 3 0.865700 
3 1 0.032500 2 0.279900 3 0.687600 
3 1 0.041900 2 0.282300 3 0.675800 
2 2 0.139400 3 0.860600 
3 2 0.132400 3 0.744200 9 0.123400 
3 2 0.137000 3 0.716100 21 0.146900 
4 1 0.039900 2 0.285200 3 0.597100 21 0.077800 
4 1 0.107000 2 0.370900 3 0.422100 21 0.100000 
3 2 0.098400 3 0.561600 21 0.340000 
2 2 0.026400 3 0.973600 
2 2 0.023100 3 0.976900 
3 2 0.025600 3 0.955300 9 0.019100 
3 2 0.021200 3 0.790400 9 0.188400 
2 3 0.650000 21 0.350000 
3 2 0.026400 3 0.832900 21 0.140700 
1 3 1.000000 
1 3 1.000000 
2 3 0.984800 9 0.015200 
2 3 0.865100 9 0.134900 
2 3 0.725000 9 0.275000 
2 3 0.717300 9 0.282700 
3 3 0.536600 9 0.413400 10 0.050000 
3 3 0.563700 9 0.386300 10 0.050000 
2 3 0.773800 21 0.226200 
2 3 0.897300 21 0.102700 
3 3 0.650000 4 0.200000 21 0.150000 
3 3 0.740700 4 0.200000 21 0.059300 
3 3 0.594200 4 0.317000 21 0.088800 
2 3 0.686200 4 0.313800 
3 3 0.515700 9 0.434300 10 0.050000 
3 3 0.536600 9 0.413400 10 0.050000 
2 3 0.667300 9 0.332700 
2 3 0.750000 9 0.250000 
2 3 0.800000 4 0.200000 
2 3 0.900000 9 0.100000 
3 3 0.703500 4 0.046500 9 0.250000 
3 3 0.592300 4 0.300000 9 0.107700 
3 3 0.536600 9 0.413400 10 0.050000 
3 3 0.536600 9 0.413400 10 0.050000 
3 3 0.215400 9 0.236100 10 0.548500 
3 3 0.214300 9 0.302600 10 0.483100 
4 1 0.042000 2 0.299300 3 0.558700 9 0.100000 
4 2 0.192000 3 0.308000 9 0.250000 10 0.250000 
4 2 0.071100 3 0.322700 9 0.269200 10 0.337000 
4 2 0.153300 3 0.510800 9 0.285900 10 0.050000 
3 1 0.233200 2 0.395500 3 0.371300 
4 1 0.224100 2 0.398500 3 0.346500 9 0.030900 
3 2 0.110200 3 0.693900 9 0.195900 
4 2 0.087600 3 0.530600 9 0.331800 10 0.050000 
3 2 0.016200 3 0.683800 9 0.300000 
4 2 0.017700 3 0.517700 9 0.414600 10 0.050000 
4 0 0.150000 1 0.131600 2 0.285400 3 0.433000 
3 2 0.157300 3 0.667700 9 0.175000 
4 1 0.039400 2 0.139300 3 0.724500 9 0.096800 
4 0 0.164300 1 0.117200 2 0.310400 3 0.408100 
3 1 0.325000 2 0.419600 3 0.255400 
3 1 0.325000 2 0.419600 3 0.255400 
3 1 0.225000 2 0.432500 3 0.342500 
4 1 0.076600 2 0.373100 3 0.450300 9 0.100000 
4 1 0.042000 2 0.299300 3 0.558700 9 0.100000 
4 1 0.076600 2 0.373100 3 0.450300 9 0.100000 
4 2 0.174900 3 0.335000 9 0.250000 10 0.240100 
4 1 0.082100 2 0.126900 3 0.730500 21 0.060500 
4 1 0.080000 2 0.367200 3 0.452800 9 0.100000 
4 2 0.150300 3 0.339900 9 0.250000 10 0.259800 
4 1 0.070500 2 0.394000 3 0.435500 9 0.100000 
4 2 0.175400 3 0.249600 9 0.250000 10 0.325000 
4 2 0.150300 3 0.339900 9 0.250000 10 0.259800 
4 1 0.080000 2 0.367200 3 0.452800 9 0.100000 
4 2 0.087600 3 0.530600 9 0.331800 10 0.050000 
4 2 0.036300 3 0.323200 9 0.204200 10 0.436300 
3 3 0.206700 9 0.321200 10 0.472100 
3 3 0.242300 9 0.289700 10 0.468000 
3 3 0.563700 9 0.386300 10 0.050000 
3 3 0.536600 9 0.413400 10 0.050000 
3 3 0.082400 9 0.106100 10 0.811500 
3 3 0.102900 9 0.080600 10 0.816500 
3 9 0.050000 10 0.928900 11 0.021100 
3 9 0.050000 10 0.915200 11 0.034800 
2 9 0.050000 10 0.950000 
3 9 0.050000 10 0.931400 11 0.018600 
3 3 0.081000 9 0.184600 10 0.734400 
3 3 0.050000 9 0.191500 10 0.758500 
3 3 0.050000 9 0.191500 10 0.758500 
2 9 0.050000 10 0.950000 
3 3 0.050000 9 0.050000 10 0.900000 
2 9 0.050000 10 0.950000 
3 3 0.158400 9 0.113400 10 0.728200 
3 3 0.126700 9 0.100700 10 0.772600 
3 9 0.050000 10 0.920700 11 0.029300 
3 9 0.050000 10 0.914400 11 0.035600 
3 9 0.050000 10 0.905500 11 0.044500 
3 3 0.129700 9 0.096400 10 0.773900 
2 10 0.641500 11 0.358500 
2 10 0.646800 11 0.353200 
2 10 0.262200 11 0.737800 
2 10 0.263000 11 0.737000 
2 10 0.262200 11 0.737800 
2 10 0.646800 11 0.353200 
2 10 0.627200 11 0.372800 
2 10 0.252800 11 0.747200 
2 10 0.678500 11 0.321500 
2 10 0.669400 11 0.330600 
2 10 0.406100 11 0.593900 
2 10 0.396000 11 0.604000 
2 10 0.653100 11 0.346900 
2 10 0.643600 11 0.356400 
2 10 0.700800 11 0.299200 
2 10 0.701100 11 0.298900 
2 10 0.366400 11 0.633600 
2 10 0.390700 11 0.609300 
2 10 0.699400 11 0.300600 
2 10 0.697400 11 0.302600 
2 10 0.409000 11 0.591000 
2 10 0.361200 11 0.638800 
2 10 0.667900 11 0.332100 
2 10 0.336700 11 0.663300 
3 9 0.050000 10 0.915200 11 0.034800 
3 3 0.082400 9 0.106100 10 0.811500 
3 3 0.057500 9 0.150000 10 0.792500 
3 3 0.043900 9 0.115900 10 0.840200 
2 9 0.050000 10 0.950000 
2 9 0.050000 10 0.950000 
2 11 0.250000 12 0.750000 
2 11 0.250000 12 0.750000 
2 11 0.500000 12 0.500000 
2 11 0.500000 12 0.500000 
2 11 0.500000 12 0.500000 
2 11 0.500000 12 0.500000 
2 11 0.250000 12 0.750000 
2 11 0.250000 12 0.750000 
2 11 0.500000 12 0.500000 
2 11 0.250000 12 0.750000 
2 11 0.500000 12 0.500000 
2 11 0.250000 12 0.750000 
2 11 0.500000 12 0.500000 
2 11 0.250000 12 0.750000 
2 11 0.250000 12 0.750000 
2 11 0.500000 12 0.500000 
2 12 0.550000 13 0.450000 
2 12 0.900000 17 0.100000 
4 12 0.400000 13 0.250000 14 0.250000 17 0.100000 
1 12 1.000000 
1 12 1.000000 
1 12 1.000000 
1 12 1.000000 
1 12 1.000000 
1 12 1.000000 
1 12 1.000000 
1 12 1.000000 
2 12 0.900000 13 0.100000 
2 12 0.900000 13 0.100000 
2 12 0.093900 13 0.906100 
2 12 0.610600 13 0.389400 
1 12 1.000000 
1 12 1.000000 
1 12 1.000000 
1 12 1.000000 
1 12 1.000000 
1 12 1.000000 
1 13 1.000000 
1 12 1.000000 
1 15 1.000000 
1 15 1.000000 
1 15 1.000000 
1 15 1.000000 
2 14 0.500000 15 0.500000 
2 14 0.500000 15 0.500000 
1 15 1.000000 
1 15 1.000000 
2 14 0.500000 15 0.500000 
2 14 0.500000 15 0.500000 
1 15 1.000000 
2 14 0.500000 15 0.500000 
2 11 0.250000 12 0.750000 
2 11 0.250000 12 0.750000 
2 14 0.500000 15 0.500000 
1 15 1.000000 
2 14 0.500000 15 0.500000 
1 15 1.000000 
1 19 1.000000 
1 19 1.000000 
1 19 1.000000 
1 19 1.000000 
2 18 0.500000 19 0.500000 
2 18 0.500000 19 0.500000 
1 19 1.000000 
1 19 1.000000 
2 18 0.500000 19 0.500000 
1 19 1.000000 
1 19 1.000000 
2 18 0.500000 19 0.500000 
2 11 0.250000 12 0.750000 
2 11 0.500000 12 0.500000 
2 13 0.500000 14 0.500000 
2 3 0.800000 4 0.200000 
2 3 0.800000 4 0.200000 
2 3 0.800000 4 0.200000 
3 3 0.741500 4 0.200000 9 0.058500 
2 3 0.500000 4 0.500000 
2 3 0.500000 4 0.500000 
1 5 1.000000 
2 4 0.035600 5 0.964400 
2 3 0.500000 4 0.500000 
1 5 1.000000 
2 3 0.500000 4 0.500000 
1 5 1.000000 
3 3 0.031100 4 0.046700 5 0.922200 
3 3 0.037900 4 0.056800 5 0.905300 
3 3 0.673600 4 0.076400 9 0.250000 
2 3 0.821000 4 0.179000 
2 3 0.783400 4 0.216600 
2 3 0.750000 4 0.250000 
3 3 0.660600 4 0.317500 9 0.021900 
2 3 0.610500 4 0.389500 
2 3 0.556800 4 0.443200 
2 3 0.500000 4 0.500000 
3 3 0.198000 4 0.378800 5 0.423200 
3 3 0.170500 4 0.314500 5 0.515000 
2 3 0.500000 4 0.500000 
2 3 0.500000 4 0.500000 
3 3 0.178100 4 0.322600 5 0.499300 
2 3 0.500000 4 0.500000 
3 3 0.182700 4 0.343000 5 0.474300 
2 3 0.500000 4 0.500000 
3 3 0.171400 4 0.317900 5 0.510700 
1 12 1.000000 
1 12 1.000000 
2 0 0.115900 33 0.884100 
2 0 0.296200 33 0.703800 
1 38 1.000000 
1 38 1.000000 
1 38 1.000000 
2 0 0.050300 38 0.949700 
3 0 0.052800 33 0.018400 38 0.928800 
1 38 1.000000 
2 33 0.472100 38 0.527900 
2 33 0.219900 38 0.780100 
2 33 0.230200 38 0.769800 
2 33 0.475300 38 0.524700 
2 33 0.046000 38 0.954000 
2 33 0.048800 38 0.951200 
2 0 0.049900 33 0.950100 
2 33 0.952700 38 0.047300 
2 33 0.806700 38 0.193300 
2 33 0.802100 38 0.197900 
2 33 0.951700 38 0.048300 
1 33 1.000000 
1 33 1.000000 
1 33 1.000000 
1 33 1.000000 
1 33 1.000000 
1 33 1.000000 
1 33 1.000000 
1 33 1.000000 
2 0 0.047900 33 0.952100 
2 0 0.673700 33 0.326300 
2 0 0.664900 33 0.335100 
2 0 0.673000 33 0.327000 
2 0 0.699100 33 0.300900 
2 0 0.530700 33 0.469300 
2 0 0.975000 1 0.025000 
2 0 0.975000 1 0.025000 
2 0 0.826300 33 0.173700 
2 0 0.481400 33 0.518600 
2 0 0.091300 33 0.908700 
2 33 0.982400 34 0.017600 
1 33 1.000000 
2 33 0.944300 38 0.055700 
2 33 0.747500 38 0.252500 
2 0 0.404700 38 0.595300 
2 0 0.444700 38 0.555300 
2 0 0.820900 38 0.179100 
2 0 0.818600 38 0.181400 
3 0 0.109600 33 0.137800 38 0.752600 
3 0 0.402400 33 0.074500 38 0.523100 
3 0 0.403500 33 0.301100 38 0.295400 
3 0 0.108400 33 0.451200 38 0.440400 
2 0 0.840500 38 0.159500 
3 0 0.839400 33 0.081800 38 0.078800 
2 0 0.128000 38 0.872000 
2 0 0.114000 38 0.886000 
1 38 1.000000 
1 38 1.000000 
2 33 0.500300 38 0.499700 
2 33 0.184500 38 0.815500 
2 33 0.180900 38 0.819100 
2 33 0.500000 38 0.500000 
2 33 0.500000 38 0.500000 
2 33 0.190000 38 0.810000 
1 38 1.000000 
1 38 1.000000 
1 38 1.000000 
1 38 1.000000 
1 38 1.000000 
2 0 0.975000 1 0.025000 
2 0 0.975000 1 0.025000 
2 0 0.826500 38 0.173500 
2 0 0.842600 38 0.157400 
1 38 1.000000 
2 0 0.112100 38 0.887900 
2 0 0.147400 38 0.852600 
1 38 1.000000 
1 38 1.000000 
2 33 0.500000 38 0.500000 
2 33 0.195600 38 0.804400 
2 0 0.975000 1 0.025000 
2 0 0.975000 1 0.025000 
3 0 0.084600 33 0.266700 38 0.648700 
2 0 0.090500 33 0.909500 
2 0 0.049900 33 0.950100 
2 0 0.115900 33 0.884100 
2 0 0.150000 38 0.850000 
3 0 0.293400 33 0.256700 38 0.449900 
2 0 0.052800 38 0.947200 
2 0 0.297000 33 0.703000 
2 0 0.296200 33 0.703800 
2 0 0.606000 38 0.394000 
3 0 0.662400 33 0.124700 38 0.212900 
2 0 0.669300 33 0.330700 
2 0 0.530700 33 0.469300 
2 33 0.500300 38 0.499700 
1 38 1.000000 
2 33 0.982400 34 0.017600 
2 0 0.091300 33 0.908700 
3 0 0.350000 33 0.325000 38 0.325000 
2 0 0.112100 38 0.887900 
4 0 0.177300 1 0.168000 2 0.265200 3 0.389500 
2 10 0.041500 11 0.958500 
2 10 0.071000 11 0.929000 
2 10 0.059300 11 0.940700 
2 10 0.033900 11 0.966100 
2 10 0.034600 11 0.965400 
2 10 0.067500 11 0.932500 
2 10 0.078400 11 0.921600 
2 10 0.043700 11 0.956300 
2 10 0.024500 11 0.975500 
2 10 0.056700 11 0.943300 
2 10 0.077800 11 0.922200 
2 10 0.044100 11 0.955900 
2 10 0.032300 11 0.967700 
2 10 0.039800 11 0.960200 
1 11 1.000000 
1 11 1.000000 
2 10 0.032200 11 0.967800 
1 11 1.000000 
1 11 1.000000 
2 10 0.031500 11 0.968500 
2 10 0.070000 11 0.930000 
2 10 0.094400 11 0.905600 
2 10 0.058700 11 0.941300 
2 10 0.056500 11 0.943500 
2 10 0.055800 11 0.944200 
2 10 0.059300 11 0.940700 
2 10 0.085600 11 0.914400 
2 10 0.073900 11 0.926100 
2 10 0.043200 11 0.956800 
2 10 0.098100 11 0.901900 
2 10 0.085600 11 0.914400 
2 10 0.150000 11 0.850000 
2 10 0.150000 11 0.850000 
2 10 0.144300 11 0.855700 
3 9 0.050000 10 0.924200 11 0.025800 
2 11 0.875000 12 0.125000 
2 11 0.875000 12 0.125000 
2 11 0.875000 12 0.125000 
2 11 0.875000 12 0.125000 
2 11 0.875000 12 0.125000 
2 11 0.875000 12 0.125000 
2 11 0.875000 12 0.125000 
2 11 0.875000 12 0.125000 
2 11 0.875000 12 0.125000 
2 18 0.500000 19 0.500000 
2 18 0.500000 19 0.500000 
2 18 0.500000 19 0.500000 
2 18 0.500000 19 0.500000 
1 19 1.000000 
1 19 1.000000 
2 18 0.500000 19 0.500000 
2 17 0.500000 18 0.500000 
2 17 0.500000 18 0.500000 
2 18 0.500000 19 0.500000 
2 17 0.500000 18 0.500000 
2 18 0.500000 19 0.500000 
2 18 0.500000 19 0.500000 
2 17 0.500000 18 0.500000 
2 17 0.500000 18 0.500000 
2 17 0.500000 18 0.500000 
2 18 0.500000 19 0.500000 
2 18 0.500000 19 0.500000 
2 17 0.500000 18 0.500000 
2 17 0.500000 18 0.500000 
2 18 0.500000 19 0.500000 
2 18 0.500000 19 0.500000 
3 12 0.400000 14 0.500000 17 0.100000 
3 12 0.779700 13 0.120300 17 0.100000 
3 12 0.784900 13 0.115100 17 0.100000 
2 12 0.900000 17 0.100000 
2 12 0.500000 17 0.500000 
2 12 0.500000 17 0.500000 
2 12 0.500000 17 0.500000 
2 12 0.500000 17 0.500000 
2 12 0.500000 17 0.500000 
2 12 0.500000 17 0.500000 
2 12 0.500000 17 0.500000 
2 12 0.500000 17 0.500000 
2 12 0.500000 17 0.500000 
2 12 0.500000 17 0.500000 
2 12 0.500000 17 0.500000 
2 12 0.500000 17 0.500000 
2 12 0.500000 17 0.500000 
2 12 0.500000 17 0.500000 
2 18 0.500000 19 0.500000 
1 19 1.000000 
2 18 0.500000 19 0.500000 
2 14 0.750000 15 0.250000 
2 14 0.750000 15 0.250000 
2 14 0.750000 15 0.250000 
2 14 0.750000 15 0.250000 
2 14 0.750000 15 0.250000 
2 14 0.750000 15 0.250000 
2 14 0.750000 15 0.250000 
2 12 0.900000 17 0.100000 
2 13 0.500000 14 0.500000 
2 12 0.900000 17 0.100000 
2 12 0.500000 17 0.500000 
2 12 0.500000 17 0.500000 
2 12 0.500000 17 0.500000 
2 12 0.500000 17 0.500000 
1 11 1.000000 
1 11 1.000000 
1 11 1.000000 
2 11 0.968100 12 0.031900 
1 11 1.000000 
2 11 0.960600 12 0.039400 
2 11 0.960300 12 0.039700 
1 11 1.000000 
1 11 1.000000 
3 3 0.074200 4 0.111300 5 0.814500 
2 3 0.667300 9 0.332700 
3 3 0.536600 9 0.413400 10 0.050000 
4 1 0.080000 2 0.367200 3 0.452800 9 0.100000 
4 1 0.076600 2 0.373100 3 0.450300 9 0.100000 
4 0 0.162300 1 0.211000 2 0.239400 3 0.387300 
4 0 0.349600 1 0.272200 2 0.228200 3 0.150000 
4 0 0.167500 1 0.158200 2 0.273200 3 0.401100 
4 1 0.050000 2 0.344800 3 0.440500 21 0.164700 
4 1 0.050000 2 0.275000 3 0.575000 21 0.100000 
3 1 0.175000 2 0.413400 3 0.411600 
3 1 0.200000 2 0.429700 3 0.370300 
3 1 0.242200 2 0.354500 3 0.403300 
3 1 0.242800 2 0.364800 3 0.392400 
2 3 0.579100 4 0.420900 
2 0 0.750000 1 0.250000 
3 1 0.233000 2 0.369800 3 0.397200 
3 1 0.233200 2 0.416900 3 0.349900 
4 1 0.048900 2 0.331000 3 0.570100 9 0.050000 
4 1 0.070500 2 0.394000 3 0.435500 9 0.100000 
3 2 0.016800 3 0.797100 9 0.186100 
1 19 1.000000 
1 19 1.000000 
2 12 0.500000 17 0.500000 
2 12 0.500000 17 0.500000 
2 18 0.500000 19 0.500000 
2 17 0.500000 18 0.500000 
1 19 1.000000 
2 18 0.500000 19 0.500000 
1 19 1.000000 
1 19 1.000000 
2 18 0.500000 19 0.500000 
2 17 0.500000 18 0.500000 
2 18 0.500000 19 0.500000 
2 12 0.500000 17 0.500000 
2 12 0.500000 17 0.500000 
3 0 0.052800 33 0.018400 38 0.928800 
4 0 0.551000 1 0.303400 2 0.120600 3 0.025000 
2 10 0.379800 11 0.620200 
2 10 0.260300 11 0.739700 
3 0 0.669200 1 0.235800 2 0.095000 
4 0 0.145500 1 0.284400 2 0.420100 3 0.150000 
3 1 0.200000 2 0.429700 3 0.370300 
4 1 0.050000 2 0.344800 3 0.440500 21 0.164700 
2 3 0.500000 4 0.500000 
2 3 0.500000 4 0.500000 
2 3 0.500000 4 0.500000 
2 3 0.500000 4 0.500000 
2 3 0.500000 4 0.500000 
2 3 0.500000 4 0.500000 
2 3 0.500000 4 0.500000 
2 3 0.500000 4 0.500000 
2 3 0.500000 4 0.500000 
2 3 0.500000 4 0.500000 
2 3 0.500000 4 0.500000 
2 3 0.500000 4 0.500000 
2 3 0.500000 4 0.500000 
2 3 0.500000 4 0.500000 
3 3 0.074900 4 0.112400 5 0.812700 
2 4 0.181800 5 0.818200 
2 4 0.114500 5 0.885500 
2 4 0.181800 5 0.818200 
1 5 1.000000 
1 5 1.000000 
2 4 0.181800 5 0.818200 
2 4 0.181800 5 0.818200 
1 5 1.000000 
1 5 1.000000 
1 5 1.000000 
2 4 0.140500 5 0.859500 
1 5 1.000000 
1 5 1.000000 
1 5 1.000000 
1 5 1.000000 
1 5 1.000000 
1 5 1.000000 
2 4 0.022800 5 0.977200 
2 4 0.022400 5 0.977600 
1 5 1.000000 
1 5 1.000000 
2 4 0.022900 5 0.977100 
1 5 1.000000 
1 5 1.000000 
1 5 1.000000 
1 5 1.000000 
1 5 1.000000 
1 5 1.000000 
2 0 0.519800 38 0.480200 
2 0 0.505100 38 0.494900 
2 0 0.975000 1 0.025000 
2 0 0.735600 38 0.264400 
3 0 0.918700 1 0.022700 33 0.058600 
2 0 0.975000 1 0.025000 
4 2 0.153300 3 0.510800 9 0.285900 10 0.050000 
2 0 0.800000 1 0.200000 
2 0 0.810500 1 0.189500 
2 0 0.750000 1 0.250000 
2 4 0.181800 5 0.818200 
1 5 1.000000 
2 4 0.114500 5 0.885500 
3 3 0.170500 4 0.314500 5 0.515000 
2 3 0.500000 4 0.500000 
2 11 0.250000 12 0.750000 
2 11 0.500000 12 0.500000 
2 11 0.875000 12 0.125000 
1 11 1.000000 
2 11 0.971100 12 0.028900 
2 10 0.036100 11 0.963900 
1 11 1.000000 
1 11 1.000000 
2 10 0.060600 11 0.939400 
2 10 0.033900 11 0.966100 
2 11 0.875000 12 0.125000 
1 11 1.000000 
2 11 0.500000 12 0.500000 
2 11 0.250000 12 0.750000 
2 11 0.250000 12 0.750000 
1 11 1.000000 
2 11 0.875000 12 0.125000 
2 11 0.500000 12 0.500000 
2 11 0.250000 12 0.750000 
2 18 0.500000 19 0.500000 
3 3 0.071400 9 0.090500 10 0.838100 
2 18 0.500000 19 0.500000 
2 18 0.500000 19 0.500000 
1 19 1.000000 
1 19 1.000000 
1 19 1.000000 
2 18 0.500000 19 0.500000 
2 18 0.500000 19 0.500000 
2 11 0.250000 12 0.750000 
2 12 0.900000 17 0.100000 
2 12 0.900000 17 0.100000 
1 12 1.000000 
1 13 1.000000 
2 11 0.250000 12 0.750000 
2 11 0.250000 12 0.750000 
2 11 0.250000 12 0.750000 
2 11 0.250000 12 0.750000 
2 11 0.250000 12 0.750000 
2 11 0.250000 12 0.750000 
2 11 0.250000 12 0.750000 
2 11 0.250000 12 0.750000 
2 13 0.500000 14 0.500000 
2 13 0.500000 14 0.500000 
3 12 0.400000 14 0.500000 17 0.100000 
2 12 0.900000 17 0.100000 
2 12 0.900000 17 0.100000 
2 12 0.900000 17 0.100000 
2 12 0.900000 17 0.100000 
2 12 0.900000 17 0.100000 
3 12 0.784900 13 0.115100 17 0.100000 
2 12 0.900000 17 0.100000 
2 12 0.900000 17 0.100000 
2 12 0.900000 17 0.100000 
2 12 0.900000 17 0.100000 
2 12 0.900000 17 0.100000 
1 19 1.000000 
1 19 1.000000 
2 18 0.500000 19 0.500000 
2 18 0.500000 19 0.500000 
2 17 0.500000 18 0.500000 
2 18 0.500000 19 0.500000 
1 19 1.000000 
1 19 1.000000 
2 18 0.500000 19 0.500000 
1 19 1.000000 
2 18 0.500000 19 0.500000 
2 18 0.500000 19 0.500000 
2 18 0.500000 19 0.500000 
2 17 0.500000 18 0.500000 
2 17 0.500000 18 0.500000 
2 17 0.500000 18 0.500000 
2 17 0.500000 18 0.500000 
2 17 0.500000 18 0.500000 
2 17 0.500000 18 0.500000 
2 17 0.500000 18 0.500000 
2 17 0.500000 18 0.500000 
2 17 0.500000 18 0.500000 
2 17 0.500000 18 0.500000 
2 17 0.500000 18 0.500000 
2 30 0.311400 31 0.688600 
2 30 0.311400 31 0.688600 
2 30 0.224900 31 0.775100 
2 30 0.040300 31 0.959700 
1 31 1.000000 
1 31 1.000000 
1 31 1.000000 
1 31 1.000000 
3 24 0.044500 29 0.500000 30 0.455500 
3 24 0.056500 29 0.500000 30 0.443500 
3 24 0.035800 29 0.500000 30 0.464200 
3 24 0.044500 29 0.500000 30 0.455500 
3 24 0.053400 29 0.500000 30 0.446600 
3 24 0.113800 29 0.500000 30 0.386200 
3 24 0.418400 29 0.500000 30 0.081600 
3 24 0.326200 29 0.500000 30 0.173800 
3 24 0.255400 29 0.500000 30 0.244600 
3 24 0.168100 29 0.500000 30 0.331900 
3 24 0.101600 29 0.500000 30 0.398400 
1 10 1.000000 
1 10 1.000000 
1 10 1.000000 
1 10 1.000000 
1 10 1.000000 
1 10 1.000000 
1 10 1.000000 
1 10 1.000000 
1 10 1.000000 
1 10 1.000000 
1 10 1.000000 
1 10 1.000000 
1 10 1.000000 
1 10 1.000000 
1 10 1.000000 
1 10 1.000000 
1 10 1.000000 
1 10 1.000000 
1 10 1.000000 
1 10 1.000000 
1 10 1.000000 
1 10 1.000000 
1 10 1.000000 
1 10 1.000000 
1 10 1.000000 
1 10 1.000000 
1 10 1.000000 
1 10 1.000000 
1 10 1.000000 
1 10 1.000000 
1 10 1.000000 
1 10 1.000000 
1 10 1.000000 
1 10 1.000000 
1 10 1.000000 
1 10 1.000000 
1 10 1.000000 
1 10 1.000000 
1 10 1.000000 
1 10 1.000000 
1 10 1.000000 
1 10 1.000000 
1 10 1.000000 
1 10 1.000000 
1 10 1.000000 
1 10 1.000000 
1 10 1.000000 
1 10 1.000000 
1 10 1.000000 
1 10 1.000000 
1 10 1.000000 
1 10 1.000000 
1 10 1.000000 
1 10 1.000000 
1 10 1.000000 
1 10 1.000000 
1 10 1.000000 
1 10 1.000000 
1 10 1.000000 
1 10 1.000000 
1 10 1.000000 
1 10 1.000000 
1 10 1.000000 
1 10 1.000000 
1 10 1.000000 
1 10 1.000000 
1 10 1.000000 
1 10 1.000000 
1 10 1.000000 
1 10 1.000000 
1 10 1.000000 
1 10 1.000000 
1 10 1.000000 
1 10 1.000000 
1 10 1.000000 
1 10 1.000000 
1 10 1.000000 
1 10 1.000000 
1 10 1.000000 
1 10 1.000000 
1 10 1.000000 
1 10 1.000000 
1 10 1.000000 
1 10 1.000000 
1 10 1.000000 
1 10 1.000000 
1 10 1.000000 
1 10 1.000000 
1 10 1.000000 
1 10 1.000000 
1 10 1.000000 
1 10 1.000000 
1 10 1.000000 
1 10 1.000000 
1 10 1.000000 
1 10 1.000000 
1 10 1.000000 
1 10 1.000000 
1 10 1.000000 
1 10 1.000000 
1 10 1.000000 
1 10 1.000000 
1 10 1.000000 
1 10 1.000000 
1 10 1.000000 
1 10 1.000000 
1 10 1.000000 
1 10 1.000000 
1 10 1.000000 
1 10 1.000000 
1 10 1.000000 
1 10 1.000000 
1 10 1.000000 
1 10 1.000000 
1 10 1.000000 
1 10 1.000000 
1 10 1.000000 
1 10 1.000000 
1 10 1.000000 
1 10 1.000000 
1 10 1.000000 
1 10 1.000000 
1 10 1.000000 
1 10 1.000000 
1 22 1.000000 
1 22 1.000000 
1 22 1.000000 
1 22 1.000000 
1 22 1.000000 
1 22 1.000000 
1 22 1.000000 
1 22 1.000000 
1 22 1.000000 
1 22 1.000000 
1 22 1.000000 
1 22 1.000000 
1 22 1.000000 
1 22 1.000000 
1 22 1.000000 
1 22 1.000000 
1 22 1.000000 
1 22 1.000000 
1 22 1.000000 
1 22 1.000000 
1 22 1.000000 
1 22 1.000000 
1 22 1.000000 
1 22 1.000000 
1 22 1.000000 
1 22 1.000000 
1 22 1.000000 
1 22 1.000000 
1 22 1.000000 
1 22 1.000000 
1 22 1.000000 
1 22 1.000000 
1 22 1.000000 
1 22 1.000000 
1 22 1.000000 
1 22 1.000000 
1 22 1.000000 
1 22 1.000000 
1 22 1.000000 
1 22 1.000000 
1 22 1.000000 
1 22 1.000000 
1 22 1.000000 
1 22 1.000000 
1 22 1.000000 
1 22 1.000000 
1 22 1.000000 
1 22 1.000000 
1 22 1.000000 
1 22 1.000000 
1 22 1.000000 
1 22 1.000000 
1 22 1.000000 
1 22 1.000000 
1 22 1.000000 
1 22 1.000000 
1 22 1.000000 
1 22 1.000000 
1 22 1.000000 
1 22 1.000000 
1 22 1.000000 
1 22 1.000000 
1 22 1.000000 
1 22 1.000000 
1 22 1.000000 
1 22 1.000000 
1 22 1.000000 
1 22 1.000000 
1 22 1.000000 
1 22 1.000000 
1 22 1.000000 
1 22 1.000000 
1 22 1.000000 
1 22 1.000000 
1 22 1.000000 
1 22 1.000000 
1 22 1.000000 
1 22 1.000000 
1 22 1.000000 
1 22 1.000000 
1 22 1.000000 
1 22 1.000000 
1 22 1.000000 
1 22 1.000000 
1 22 1.000000 
1 22 1.000000 
1 22 1.000000 
1 22 1.000000 
1 22 1.000000 
1 22 1.000000 
1 22 1.000000 
1 22 1.000000 
1 22 1.000000 
1 22 1.000000 
1 22 1.000000 
1 22 1.000000 
1 22 1.000000 
1 22 1.000000 
1 22 1.000000 
1 22 1.000000 
1 22 1.000000 
1 22 1.000000 
1 22 1.000000 
1 22 1.000000 
1 22 1.000000 
1 22 1.000000 
1 22 1.000000 
1 22 1.000000 
1 22 1.000000 
1 22 1.000000 
1 22 1.000000 
1 22 1.000000 
1 22 1.000000 
1 22 1.000000 
1 22 1.000000 
1 22 1.000000 
1 22 1.000000 
1 22 1.000000 
1 22 1.000000 
1 22 1.000000 
1 22 1.000000 
1 22 1.000000 
1 22 1.000000 
1 22 1.000000 
2 39 0.413100 40 0.586900 
3 39 0.140400 40 0.781800 41 0.077800 
3 39 0.132200 40 0.766100 41 0.101700 
2 39 0.425500 40 0.574500 
3 39 0.131300 40 0.851000 41 0.017700 
1 40 1.000000 
2 39 0.481700 40 0.518300 
2 39 0.485400 40 0.514600 
1 40 1.000000 
1 40 1.000000 
2 39 0.481600 40 0.518400 
2 39 0.481700 40 0.518300 
1 40 1.000000 
2 39 0.018900 40 0.981100 
2 39 0.500000 40 0.500000 
2 39 0.499800 40 0.500200 
1 39 1.000000 
1 39 1.000000 
2 38 0.102000 39 0.898000 
2 38 0.101000 39 0.899000 
2 38 0.065500 39 0.934500 
2 38 0.101500 39 0.898500 
2 38 0.099700 39 0.900300 
2 38 0.042400 39 0.957600 
2 38 0.020100 39 0.979900 
2 38 0.100200 39 0.899800 
2 38 0.044900 39 0.955100 
2 38 0.041700 39 0.958300 
2 38 0.098900 39 0.901100 
2 38 0.099800 39 0.900200 
2 38 0.057100 39 0.942900 
1 39 1.000000 
2 38 0.100000 39 0.900000 
2 38 0.100600 39 0.899400 
2 39 0.467600 40 0.532400 
2 39 0.479800 40 0.520200 
2 39 0.915600 40 0.084400 
2 39 0.918600 40 0.081400 
1 39 1.000000 
1 39 1.000000 
2 39 0.950900 40 0.049100 
2 39 0.932700 40 0.067300 
1 39 1.000000 
1 39 1.000000 
2 39 0.954300 40 0.045700 
2 39 0.954200 40 0.045800 
1 40 1.000000 
1 40 1.000000 
1 39 1.000000 
1 39 1.000000 
1 39 1.000000 
1 39 1.000000 
1 39 1.000000 
2 39 0.923000 40 0.077000 
2 39 0.950900 40 0.049100 
1 39 1.000000 
1 39 1.000000 
1 39 1.000000 
1 39 1.000000 
1 39 1.000000 
1 39 1.000000 
1 39 1.000000 
1 39 1.000000 
1 39 1.000000 
1 39 1.000000 
2 38 0.032600 39 0.967400 
1 39 1.000000 
2 38 0.017100 39 0.982900 
2 38 0.018100 39 0.981900 
1 39 1.000000 
1 39 1.000000 
1 39 1.000000 
1 39 1.000000 
2 38 0.099000 39 0.901000 
1 39 1.000000 
2 38 0.033800 39 0.966200 
2 38 0.099400 39 0.900600 
1 40 1.000000 
1 40 1.000000 
1 40 1.000000 
1 40 1.000000 
1 40 1.000000 
1 40 1.000000 
1 40 1.000000 
1 40 1.000000 
2 39 0.018900 40 0.981100 
1 40 1.000000 
1 40 1.000000 
1 40 1.000000 
1 40 1.000000 
1 40 1.000000 
2 40 0.752400 41 0.247600 
3 39 0.132200 40 0.766100 41 0.101700 
3 39 0.140400 40 0.781800 41 0.077800 
2 40 0.762400 41 0.237600 
2 40 0.902000 41 0.098000 
3 39 0.131300 40 0.851000 41 0.017700 
2 40 0.762600 41 0.237400 
2 40 0.960400 41 0.039600 
2 40 0.896500 41 0.103500 
2 40 0.835200 41 0.164800 
3 39 0.137600 40 0.829400 41 0.033000 
2 40 0.960200 41 0.039800 
2 40 0.094500 41 0.905500 
2 40 0.415900 41 0.584100 
2 40 0.416500 41 0.583500 
2 40 0.099900 41 0.900100 
2 40 0.392000 41 0.608000 
2 40 0.408200 41 0.591800 
2 40 0.086000 41 0.914000 
2 40 0.088400 41 0.911600 
2 40 0.385900 41 0.614100 
2 40 0.090000 41 0.910000 
2 40 0.359300 41 0.640700 
2 40 0.384900 41 0.615100 
2 40 0.086200 41 0.913800 
2 40 0.089900 41 0.910100 
2 40 0.400300 41 0.599700 
2 40 0.100800 41 0.899200 
2 40 0.048300 41 0.951700 
2 40 0.046000 41 0.954000 
2 40 0.045900 41 0.954100 
2 40 0.092900 41 0.907100 
1 41 1.000000 
1 41 1.000000 
1 41 1.000000 
1 41 1.000000 
1 41 1.000000 
1 41 1.000000 
2 40 0.045700 41 0.954300 
1 41 1.000000 
1 41 1.000000 
2 40 0.049600 41 0.950400 
1 41 1.000000 
1 41 1.000000 
2 40 0.092400 41 0.907600 
2 40 0.384800 41 0.615200 
2 40 0.386400 41 0.613600 
2 40 0.094300 41 0.905700 
2 40 0.965000 41 0.035000 
1 40 1.000000 
1 40 1.000000 
2 40 0.965700 41 0.034300 
1 40 1.000000 
1 40 1.000000 
1 41 1.000000 
1 41 1.000000 
1 41 1.000000 
1 41 1.000000 
1 40 1.000000 
1 40 1.000000 
3 39 0.137600 40 0.798100 41 0.064300 
2 40 0.758000 41 0.242000 
2 40 0.411500 41 0.588500 
3 39 0.137600 40 0.829400 41 0.033000 
2 39 0.494200 40 0.505800 
2 39 0.951400 40 0.048600 
2 39 0.924800 40 0.075200 
1 39 1.000000 
1 39 1.000000 
1 39 1.000000 
2 39 0.912000 40 0.088000 
1 39 1.000000 
1 39 1.000000 
3 39 0.137600 40 0.798100 41 0.064300 
2 39 0.442100 40 0.557900 
1 39 1.000000 
1 39 1.000000 
1 39 1.000000 
1 39 1.000000 
1 39 1.000000 
1 39 1.000000 
1 39 1.000000 
1 39 1.000000 
1 39 1.000000 
1 39 1.000000 
1 39 1.000000 
1 39 1.000000 
1 39 1.000000 
1 39 1.000000 
1 39 1.000000 
1 39 1.000000 
1 39 1.000000 
1 39 1.000000 
1 39 1.000000 
1 39 1.000000 
1 39 1.000000 
2 39 0.956100 40 0.043900 
1 39 1.000000 
1 39 1.000000 
1 39 1.000000 
1 39 1.000000 
1 39 1.000000 
1 39 1.000000 
1 39 1.000000 
1 39 1.000000 
2 38 0.099500 39 0.900500 
2 38 0.044900 39 0.955100 
2 38 0.099800 39 0.900200 
2 38 0.550000 39 0.450000 
2 38 0.550000 39 0.450000 
2 38 0.270600 39 0.729400 
2 38 0.269000 39 0.731000 
2 38 0.550000 39 0.450000 
2 38 0.256800 39 0.743200 
2 38 0.252800 39 0.747200 
2 38 0.550000 39 0.450000 
2 38 0.548100 39 0.451900 
2 38 0.249100 39 0.750900 
2 38 0.247000 39 0.753000 
2 38 0.543500 39 0.456500 
2 38 0.529800 39 0.470200 
2 38 0.247900 39 0.752100 
2 38 0.247300 39 0.752700 
2 38 0.528600 39 0.471400 
2 38 0.541800 39 0.458200 
2 38 0.248600 39 0.751400 
2 38 0.550000 39 0.450000 
2 38 0.500100 39 0.499900 
2 38 0.500000 39 0.500000 
2 38 0.549500 39 0.450500 
2 38 0.550500 39 0.449500 
2 38 0.247900 39 0.752100 
2 38 0.529800 39 0.470200 
2 38 0.950200 39 0.049800 
2 38 0.947100 39 0.052900 
2 38 0.949700 39 0.050300 
2 38 0.950100 39 0.049900 
2 38 0.950400 39 0.049600 
2 38 0.950300 39 0.049700 
2 38 0.950100 39 0.049900 
2 38 0.950300 39 0.049700 
2 38 0.950200 39 0.049800 
2 0 0.500800 38 0.499200 
2 0 0.875000 38 0.125000 
2 0 0.875300 38 0.124700 
2 0 0.501500 38 0.498500 
2 0 0.500000 38 0.500000 
2 0 0.500000 38 0.500000 
2 0 0.874900 38 0.125100 
2 0 0.874900 38 0.125100 
2 0 0.500000 38 0.500000 
2 0 0.500100 38 0.499900 
2 0 0.875000 38 0.125000 
2 0 0.874900 38 0.125100 
2 38 0.950200 39 0.049800 
2 38 0.949100 39 0.050900 
2 0 0.875500 38 0.124500 
2 0 0.501400 38 0.498600 
2 0 0.874600 38 0.125400 
2 0 0.500000 38 0.500000 
2 0 0.500000 38 0.500000 
2 0 0.874600 38 0.125400 
2 0 0.500500 38 0.499500 
2 0 0.875000 38 0.125000 
2 0 0.875100 38 0.124900 
2 0 0.500400 38 0.499600 
2 0 0.501100 38 0.498900 
2 0 0.500800 38 0.499200 
2 0 0.875700 38 0.124300 
2 0 0.875600 38 0.124400 
2 38 0.950300 39 0.049700 
2 38 0.950100 39 0.049900 
1 0 1.000000 
1 0 1.000000 
1 0 1.000000 
1 0 1.000000 
1 0 1.000000 
1 0 1.000000 
1 0 1.000000 
1 0 1.000000 
1 0 1.000000 
1 0 1.000000 
1 0 1.000000 
1 39 1.000000 
1 39 1.000000 
1 39 1.000000 
1 39 1.000000 
2 0 0.025100 38 0.974900 
1 38 1.000000 
1 38 1.000000 
2 0 0.025000 38 0.975000 
2 0 0.025100 38 0.974900 
1 38 1.000000 
1 38 1.000000 
1 38 1.000000 
2 0 0.025300 38 0.974700 
2 0 0.025300 38 0.974700 
1 38 1.000000 
2 0 0.025200 38 0.974800 
1 38 1.000000 
2 0 0.025200 38 0.974800 
2 0 0.025300 38 0.974700 
1 38 1.000000 
2 0 0.025300 38 0.974700 
1 38 1.000000 
2 0 0.025200 38 0.974800 
1 38 1.000000 
2 0 0.025300 38 0.974700 
1 38 1.000000 
1 38 1.000000 
2 0 0.025200 38 0.974800 
2 0 0.025000 38 0.975000 
1 38 1.000000 
2 38 0.255300 39 0.744700 
1 39 1.000000 
2 38 0.101100 39 0.898900 
1 39 1.000000 
1 39 1.000000 
1 39 1.000000 
2 38 0.482500 39 0.517500 
2 38 0.249800 39 0.750200 
2 38 0.253100 39 0.746900 
2 38 0.253000 39 0.747000 
1 40 1.000000 
2 40 0.965000 41 0.035000 
1 40 1.000000 
1 40 1.000000 
1 40 1.000000 
1 40 1.000000 
1 40 1.000000 
1 40 1.000000 
2 40 0.965700 41 0.034300 
2 40 0.386400 41 0.613600 
2 40 0.094300 41 0.905700 
1 41 1.000000 
1 41 1.000000 
1 41 1.000000 
1 41 1.000000 
2 40 0.092400 41 0.907600 
1 41 1.000000 
2 40 0.384800 41 0.615200 
2 0 0.175700 38 0.824300 
2 0 0.175500 38 0.824500 
2 0 0.175900 38 0.824100 
2 0 0.175700 38 0.824300 
2 0 0.174900 38 0.825100 
2 0 0.175300 38 0.824700 
2 0 0.175200 38 0.824800 
2 0 0.175200 38 0.824800 
2 0 0.175500 38 0.824500 
2 0 0.175700 38 0.824300 
2 0 0.175400 38 0.824600 
2 0 0.175900 38 0.824100 
2 0 0.175700 38 0.824300 
1 39 1.000000 
1 39 1.000000 
1 39 1.000000 
1 41 1.000000 
2 34 0.412800 35 0.587200 
2 34 0.425400 35 0.574600 
3 34 0.132800 35 0.765400 36 0.101800 
3 34 0.140600 35 0.782300 36 0.077100 
3 34 0.132200 35 0.850700 36 0.017100 
2 34 0.484500 35 0.515500 
2 34 0.481200 35 0.518800 
1 35 1.000000 
1 35 1.000000 
2 34 0.481200 35 0.518800 
2 34 0.481200 35 0.518800 
1 35 1.000000 
1 35 1.000000 
2 34 0.500000 35 0.500000 
2 34 0.500000 35 0.500000 
2 34 0.018400 35 0.981600 
1 34 1.000000 
2 33 0.100000 34 0.900000 
2 33 0.100000 34 0.900000 
1 34 1.000000 
2 33 0.065900 34 0.934100 
2 33 0.100000 34 0.900000 
2 33 0.100000 34 0.900000 
2 33 0.100000 34 0.900000 
2 33 0.019700 34 0.980300 
2 33 0.042400 34 0.957600 
2 33 0.044900 34 0.955100 
2 33 0.100000 34 0.900000 
2 33 0.100000 34 0.900000 
2 33 0.041700 34 0.958300 
2 33 0.058000 34 0.942000 
2 33 0.100000 34 0.900000 
2 33 0.100000 34 0.900000 
1 34 1.000000 
2 34 0.467500 35 0.532500 
2 34 0.918400 35 0.081600 
2 34 0.915900 35 0.084100 
2 34 0.480100 35 0.519900 
1 34 1.000000 
2 34 0.932600 35 0.067400 
2 34 0.950800 35 0.049200 
1 34 1.000000 
1 34 1.000000 
2 34 0.954800 35 0.045200 
2 34 0.954400 35 0.045600 
1 34 1.000000 
1 35 1.000000 
1 35 1.000000 
1 34 1.000000 
1 34 1.000000 
1 34 1.000000 
1 34 1.000000 
1 34 1.000000 
2 34 0.922600 35 0.077400 
1 34 1.000000 
1 34 1.000000 
2 34 0.950800 35 0.049200 
1 34 1.000000 
1 34 1.000000 
1 34 1.000000 
1 34 1.000000 
1 34 1.000000 
1 34 1.000000 
1 34 1.000000 
1 34 1.000000 
2 33 0.033900 34 0.966100 
1 34 1.000000 
2 33 0.017100 34 0.982900 
1 34 1.000000 
1 34 1.000000 
2 33 0.018300 34 0.981700 
1 34 1.000000 
1 34 1.000000 
2 33 0.100000 34 0.900000 
2 33 0.100000 34 0.900000 
2 33 0.033800 34 0.966200 
1 34 1.000000 
1 35 1.000000 
1 35 1.000000 
1 35 1.000000 
1 35 1.000000 
1 35 1.000000 
1 35 1.000000 
1 35 1.000000 
1 35 1.000000 
2 34 0.018400 35 0.981600 
1 35 1.000000 
1 35 1.000000 
1 35 1.000000 
1 35 1.000000 
1 35 1.000000 
2 35 0.753400 36 0.246600 
2 35 0.762600 36 0.237400 
3 34 0.140600 35 0.782300 36 0.077100 
3 34 0.132800 35 0.765400 36 0.101800 
2 35 0.901700 36 0.098300 
2 35 0.763700 36 0.236300 
3 34 0.132200 35 0.850700 36 0.017100 
2 35 0.897100 36 0.102900 
2 35 0.960500 36 0.039500 
2 35 0.836000 36 0.164000 
3 34 0.137600 35 0.829900 36 0.032500 
2 35 0.960200 36 0.039800 
2 35 0.094600 36 0.905400 
2 35 0.100000 36 0.900000 
2 35 0.416100 36 0.583900 
2 35 0.416600 36 0.583400 
2 35 0.391400 36 0.608600 
2 35 0.086500 36 0.913500 
2 35 0.085600 36 0.914400 
2 35 0.408000 36 0.592000 
2 35 0.385400 36 0.614600 
2 35 0.088600 36 0.911400 
2 35 0.358900 36 0.641100 
2 35 0.090000 36 0.910000 
2 35 0.087000 36 0.913000 
2 35 0.386100 36 0.613900 
2 35 0.400000 36 0.600000 
2 35 0.101000 36 0.899000 
2 35 0.048400 36 0.951600 
2 35 0.045800 36 0.954200 
2 35 0.046000 36 0.954000 
2 35 0.093200 36 0.906800 
1 36 1.000000 
1 36 1.000000 
1 36 1.000000 
1 36 1.000000 
1 36 1.000000 
1 36 1.000000 
2 35 0.045200 36 0.954800 
1 36 1.000000 
1 36 1.000000 
2 35 0.049300 36 0.950700 
1 36 1.000000 
1 36 1.000000 
2 35 0.092500 36 0.907500 
2 35 0.092900 36 0.907100 
2 35 0.386000 36 0.614000 
2 35 0.384800 36 0.615200 
2 35 0.965000 36 0.035000 
2 35 0.965700 36 0.034300 
1 35 1.000000 
1 35 1.000000 
1 35 1.000000 
1 35 1.000000 
1 36 1.000000 
1 36 1.000000 
1 36 1.000000 
1 36 1.000000 
1 36 1.000000 
1 35 1.000000 
1 35 1.000000 
3 34 0.138900 35 0.797400 36 0.063700 
2 35 0.758900 36 0.241100 
2 35 0.412000 36 0.588000 
3 34 0.137600 35 0.829900 36 0.032500 
2 34 0.495000 35 0.505000 
2 34 0.952000 35 0.048000 
1 34 1.000000 
1 34 1.000000 
2 34 0.925000 35 0.075000 
1 34 1.000000 
2 34 0.912200 35 0.087800 
1 34 1.000000 
1 34 1.000000 
2 34 0.440300 35 0.559700 
3 34 0.138900 35 0.797400 36 0.063700 
1 34 1.000000 
1 34 1.000000 
1 34 1.000000 
1 34 1.000000 
1 34 1.000000 
1 34 1.000000 
1 34 1.000000 
1 34 1.000000 
1 34 1.000000 
1 34 1.000000 
1 34 1.000000 
1 34 1.000000 
1 34 1.000000 
1 34 1.000000 
1 34 1.000000 
1 34 1.000000 
1 34 1.000000 
1 34 1.000000 
1 34 1.000000 
1 34 1.000000 
2 34 0.956100 35 0.043900 
1 34 1.000000 
1 34 1.000000 
1 34 1.000000 
1 34 1.000000 
1 34 1.000000 
1 34 1.000000 
1 34 1.000000 
1 34 1.000000 
1 34 1.000000 
2 33 0.100000 34 0.900000 
2 33 0.044900 34 0.955100 
2 33 0.100000 34 0.900000 
2 33 0.550000 34 0.450000 
2 33 0.250000 34 0.750000 
2 33 0.250000 34 0.750000 
2 33 0.550000 34 0.450000 
2 33 0.550000 34 0.450000 
2 33 0.250000 34 0.750000 
2 33 0.250000 34 0.750000 
2 33 0.250000 34 0.750000 
2 33 0.550000 34 0.450000 
2 33 0.550000 34 0.450000 
2 33 0.250000 34 0.750000 
2 33 0.250000 34 0.750000 
2 33 0.550000 34 0.450000 
2 33 0.550000 34 0.450000 
2 33 0.250000 34 0.750000 
2 33 0.250000 34 0.750000 
2 33 0.550000 34 0.450000 
2 33 0.550000 34 0.450000 
2 33 0.550000 34 0.450000 
2 33 0.550000 34 0.450000 
2 33 0.500000 34 0.500000 
2 33 0.500000 34 0.500000 
2 33 0.550000 34 0.450000 
2 33 0.250000 34 0.750000 
2 33 0.550000 34 0.450000 
2 33 0.950000 34 0.050000 
2 33 0.950000 34 0.050000 
2 33 0.950000 34 0.050000 
2 33 0.950000 34 0.050000 
2 33 0.950000 34 0.050000 
2 33 0.950000 34 0.050000 
2 33 0.950000 34 0.050000 
2 33 0.950000 34 0.050000 
2 33 0.950000 34 0.050000 
2 0 0.500000 33 0.500000 
2 0 0.500000 33 0.500000 
2 0 0.875000 33 0.125000 
2 0 0.875000 33 0.125000 
2 0 0.500000 33 0.500000 
2 0 0.875000 33 0.125000 
2 0 0.875000 33 0.125000 
2 0 0.500000 33 0.500000 
2 0 0.500000 33 0.500000 
2 0 0.875000 33 0.125000 
2 0 0.875000 33 0.125000 
2 0 0.500000 33 0.500000 
2 33 0.950000 34 0.050000 
2 33 0.950000 34 0.050000 
2 0 0.500000 33 0.500000 
2 0 0.875000 33 0.125000 
2 0 0.875000 33 0.125000 
2 0 0.500000 33 0.500000 
2 0 0.875000 33 0.125000 
2 0 0.500000 33 0.500000 
2 0 0.875000 33 0.125000 
2 0 0.500000 33 0.500000 
2 0 0.875000 33 0.125000 
2 0 0.500000 33 0.500000 
2 0 0.500000 33 0.500000 
2 0 0.875000 33 0.125000 
2 0 0.875000 33 0.125000 
2 0 0.500000 33 0.500000 
2 33 0.950000 34 0.050000 
2 33 0.950000 34 0.050000 
1 0 1.000000 
1 0 1.000000 
1 0 1.000000 
1 0 1.000000 
1 0 1.000000 
1 0 1.000000 
1 0 1.000000 
1 0 1.000000 
1 0 1.000000 
1 0 1.000000 
1 0 1.000000 
1 34 1.000000 
1 34 1.000000 
1 34 1.000000 
1 34 1.000000 
2 0 0.025000 33 0.975000 
2 0 0.025000 33 0.975000 
1 33 1.000000 
1 33 1.000000 
2 0 0.025000 33 0.975000 
1 33 1.000000 
1 33 1.000000 
2 0 0.025000 33 0.975000 
2 0 0.025000 33 0.975000 
1 33 1.000000 
1 33 1.000000 
2 0 0.025000 33 0.975000 
1 33 1.000000 
2 0 0.025000 33 0.975000 
1 33 1.000000 
2 0 0.025000 33 0.975000 
2 0 0.025000 33 0.975000 
1 33 1.000000 
2 0 0.025000 33 0.975000 
1 33 1.000000 
2 0 0.025000 33 0.975000 
1 33 1.000000 
1 33 1.000000 
2 0 0.025000 33 0.975000 
2 0 0.025000 33 0.975000 
1 33 1.000000 
2 33 0.250000 34 0.750000 
1 34 1.000000 
2 33 0.100000 34 0.900000 
1 34 1.000000 
1 34 1.000000 
1 34 1.000000 
2 33 0.500000 34 0.500000 
2 33 0.250000 34 0.750000 
2 33 0.250000 34 0.750000 
2 33 0.250000 34 0.750000 
2 35 0.965000 36 0.035000 
1 35 1.000000 
1 35 1.000000 
1 35 1.000000 
1 35 1.000000 
1 35 1.000000 
1 35 1.000000 
1 35 1.000000 
2 35 0.965700 36 0.034300 
2 35 0.386000 36 0.614000 
2 35 0.092900 36 0.907100 
1 36 1.000000 
1 36 1.000000 
1 36 1.000000 
1 36 1.000000 
1 36 1.000000 
2 35 0.092500 36 0.907500 
2 35 0.384800 36 0.615200 
2 0 0.175000 33 0.825000 
2 0 0.175000 33 0.825000 
2 0 0.175000 33 0.825000 
2 0 0.175000 33 0.825000 
2 0 0.175000 33 0.825000 
2 0 0.175000 33 0.825000 
2 0 0.175000 33 0.825000 
2 0 0.175000 33 0.825000 
2 0 0.175000 33 0.825000 
2 0 0.175000 33 0.825000 
2 0 0.175000 33 0.825000 
2 0 0.175000 33 0.825000 
2 0 0.175000 33 0.825000 
1 34 1.000000 
1 34 1.000000 
1 34 1.000000 
